nodes:
  - id: 1
    x: 45.45817997978649
    y: -73.93226174121989
    z: 110.0162658691406
  - id: 2
    x: 45.45817997978678
    y: -73.93226174121989
    z: 110.0162658691406