nodes:
  - id: 1
    x: 45.458325340
    y: -73.932273733
    z: 0
  - id: 2
    x: 45.458320980
    y: -73.932281179
    z: 0
  - id: 3
    x: 45.458326796
    y: -73.932288940
    z: 0
  - id: 4
    x: 45.458329276
    y: -73.932296652
    z: 0

